-2.801631604188309921e-01
3.711822223670115939e-01
-6.005656670526856589e-01
1.671085361558561244e+00
-1.884867434058692393e+00
2.618349895777389413e+00
5.244434657537402344e-01
6.721480616761645877e-01
-1.651402966879672363e+00
-7.763752623551649634e-01
-1.793924164520639186e+00
-3.534093236596170140e+00
1.109496288945795106e+00
1.290556276773272337e+00
-1.976434291183222003e+00
-2.350424694761849231e+00
-5.362069511629136143e-01
2.710069120318886249e+00
-1.600060615885543491e+00
2.612416000819500095e+00
-1.428636350140925826e+00
4.327925724688216569e+00
5.146745201554794313e-01
-3.401844317143603913e+00
3.747500234663127650e+00
1.391865607024939111e+00
1.357977257294305629e+00
-2.165072508901902282e+00
-2.699931660407421941e+00
9.212928846912782355e-02
-3.089549270787802282e+00
1.513353062184916942e+00
5.148772275763102257e+00
1.739469414991410723e+00
1.078436370335093208e+00
1.423186786876075693e+00
-3.150810705026602099e-01
-4.215380163445897055e-01
-4.230866283716484766e+00
-3.769526771994824443e+00
2.258639433664084983e-01
-1.486422911573946903e+00
1.245855383092601354e+00
-2.646281002853937969e-01
8.439942587137123642e-01
1.102116961605024370e+00
7.401297614793409529e-01
-1.548291852845024241e+00
1.560764030374503397e+00
-1.123816952466520469e+00
4.507372780275915147e+00
-4.530169578273185671e+00
-4.180234435682641525e+00
5.122784812970671009e-01
-1.679272806808333351e+00
3.760199316461435348e+00
2.850386644643407408e+00
2.016011587134709515e-01
-3.072242888927337656e+00
-9.298229777263740115e-01
-3.566449934421303425e+00
3.253870732145519029e-01
3.405990161559679374e-01
-4.341331896967131621e-01
-1.306053654074035508e+00
-1.423951389305303739e+00
-1.558818337784771746e+00
-3.176462128123406004e+00
-3.206784223075865303e-01
-1.414446716678318783e+00
1.288655642598167450e+00
-3.718754583325101670e+00
1.837109522247578064e-01
1.362875062154756955e+00
-1.439240221959854349e+00
3.024793329508681516e+00
1.054979977000737534e+00
-3.079707663190074385e+00
2.451625991011168626e+00
1.702802597569630372e+00
-1.268265605621742842e-01
-4.038357038471990235e-01
4.526310909546956474e+00
-1.232343277800638459e+00
2.354512568109704829e-01
-1.328770905014726500e+00
9.746383786699830409e-01
-1.757799949198258771e+00
2.840020413157084977e+00
-1.121492220450476696e+00
5.843446050326627228e-01
-4.486471949091322409e-01
-8.566504070055113162e-01
-3.680489086009766986e+00
1.387081303421744183e+00
-2.383127066927527071e+00
1.010707784328968240e+00
-8.770585964354129516e-01
-1.074728896637933362e+00
-5.133576406493092770e-02
2.137649273170718178e+00
1.933549671663679914e-01
1.614049148747316309e+00
6.526153069399407425e-01
-3.918070978008626470e-01
1.093235884154573762e-01
-4.520770256370515661e+00
1.664529892643883846e+00
-9.025085493627593713e-02
2.429857542905895063e+00
1.225527276636416918e+00
-6.160319886374953091e-01
-3.807735273961822653e+00
-1.164217858740701939e+00
-3.446862981741046550e+00
-1.477158518309940272e+00
3.070333764479445726e+00
-7.603827808497496399e-01
1.625672997937226194e+00
-8.062682384065669172e-01
5.481060226133258606e-01
3.183161525297522498e+00
-2.791705223149990367e+00
-7.241072358764502059e-01
-3.255504392196663765e+00
-8.588909096370739293e-01
-8.707385262105898915e-02
4.554048130088171886e-01
-9.873507853395856459e-01
-2.523350830543407586e+00
-3.699484266702892099e-01
1.003093130461270854e-01
2.539505206917617386e+00
-1.616436605609155253e+00
-3.443350654351544193e+00
-4.358346285455659830e-01
-1.829210972074295283e+00
-1.850605126023219471e+00
-2.138538520077404304e+00
1.148780274307939164e+00
-4.240724111280885777e-01
3.990430594688423316e-01
-2.963755744266056702e+00
4.200874176555067785e-01
-1.495625194318499496e-01
1.210023977874244844e-01
4.547000073339098059e-01
-2.300452959132181230e-01
-1.306206137797925049e+00
-1.121396588573480235e+00
-1.606068966839272028e+00
-2.206937491922550176e+00
2.240582160092051911e+00
3.068360649218170727e-02
8.309730919773716806e-01
1.542684870862710556e+00
-3.351782015220564404e+00
1.261299113952738749e+00
-5.343115824407030506e-02
8.944341156999618958e-02
-3.912857157376056882e+00
3.342977779636596924e+00
4.087713866579802402e-01
1.361504700273578727e+00
-7.831653594917914463e-01
-4.012002813048517247e+00
-2.800125575814684353e+00
-2.876938748810016211e+00
-2.029676209944545118e+00
-8.237835955524736020e-02
1.397944746266377658e+00
-2.523675012987500299e+00
1.957818873574860952e+00
-5.765388709538471490e-01
-5.225743041331600836e-01
7.891418183665552810e-01
-1.441391491844165040e+00
-5.431657655215219371e+00
-4.816646247373158607e-01
-1.868694225633276806e+00
2.303794753202137446e+00
3.287464410648540669e-01
-3.426538619205138136e+00
-2.448422068189651135e+00
-2.659586012431553459e-01
1.220298384697247718e+00
-4.117040981652812626e+00
2.047712242676619443e+00
-3.526320503942045881e-01
-5.894073518608663464e-01
1.272639817721767930e+00
9.782815995964753153e-01
-1.663321994300851481e+00
3.056064141771660303e+00
1.885252487969272250e+00
4.680706426532317832e-01
-2.735767390347768835e+00
3.278332949549332409e-01
1.934913161548246219e+00
2.384871324039462337e+00
1.550613800298153766e+00
-6.315540926532208665e+00
-5.264323412035963878e-01
-3.079017429274069961e+00
-3.285903902846894376e+00
4.502503366414762342e-01
-3.011290207838422273e+00
9.520293220797753087e-01
2.827900333899381113e+00
2.342987339429533300e+00
-1.444815751313765217e-01
3.078161291106896513e+00
-3.553009707225563973e-01
-1.713621963271669602e+00
8.232586089707828458e-01
-2.016085618521539669e+00
-9.225053854720972613e-01
-7.661083957225207630e-01
-2.090351381580729750e+00
3.426597711483507780e+00
1.173073180807922888e+00
-1.034017638395869021e+00
5.988692942245980033e-01
9.196141021387292946e-01
2.774345123728461537e+00
2.056723943028795798e+00
8.140980130655823821e-01
-1.486174468370727642e+00
9.052535605995690737e-01
-3.699946998033902812e+00
-4.764363270719602639e+00
1.994044053884052481e+00
-4.262799382597897702e-01
1.119996299438790421e+00
3.133858177777808923e-02
7.888632878831696171e-01
1.035015751196897371e+00
2.645479712338327793e-01
-3.273476255931238033e-01
-5.669948627244761674e+00
-1.826961873088207344e+00
-2.101697726069817751e+00
1.305078631832373937e+00
-2.673830906306911892e+00
7.810231682693912214e-01
4.542682403110268829e+00
1.267307535827693066e+00
-5.114383679210718903e-01
2.512985479199165262e+00
2.437123714593185220e+00
3.392966753660460633e+00
7.990257862439216208e-01
1.144168918611786712e+00
2.758700649999459298e+00
3.838623369016247455e+00
-1.657369988032159291e+00
2.116097488511606173e+00
-1.256169149470613755e+00
-2.515054697294109243e+00
-5.194908925786279053e-01
-2.081627616315510076e-01
-3.559278850650971493e-01
-1.695767861597557991e+00
-1.087711228929842067e+00
2.993796430570279998e+00
-6.986550983452515240e-01
3.466792661023240907e+00
1.953935342846207623e+00
-2.483856806696673303e+00
-5.104236154434075301e-01
-1.208433591302719989e+00
-4.942804840748732387e-01
9.311519416638769364e-01
-8.603658707924709548e-01
6.270464552971771743e-02
1.682403700423203752e+00
1.026424270320411392e+00
2.151216313593510066e+00
-7.891062969068004529e-01
2.643045841061940848e+00
-5.931898259441304999e-01
5.640915855797248302e-01
-5.710756746030418718e-01
5.820255661004833936e-01
2.910570402992066708e+00
-6.567571501888415098e-01
5.965733327755058657e-02
-3.148031616246295128e-01
-3.243492064188119084e+00
3.625205118509561807e-03
1.709995870270294149e-01
-3.025722731314221203e+00
2.590282676562057684e+00
-1.453488186074770372e+00
-1.195523724380679997e+00
-1.694817794857705895e+00
-3.240687644784892907e+00
7.182873671047493858e-01
9.630648467730485995e-01
-8.510062617392638584e-01
1.583899790971044386e+00
1.664764792280082562e+00
-1.150240468030210961e+00
4.092797784496734481e-01
2.495275823431081230e-02
1.364951886303862993e+00
4.913585131797187922e-01
2.107517444089163750e+00
-2.123248806914107834e-01
-2.248450738156735074e-01
1.488748227573120309e+00
-1.505677940037067009e+00
1.696959667631958268e+00
1.402716912905016100e+00
1.601791390732091869e-01
2.036363926543759639e+00
-3.034368433821696520e+00
5.580033432736944410e-02
-1.231140449228548261e+00
1.453042868473283900e+00
-8.489660294355962922e-01
3.439401160681861747e+00
-2.487703867280788739e+00
-3.208014738225317686e+00
-7.393951039816167026e-02
8.022722883834396690e-01
-6.454217705765769031e-01
3.207009284684055217e+00
-8.191295946985810428e-01
-4.481239109212447502e+00
2.741407169539561206e+00
3.968519516819557502e-01
-7.114741189081095207e-01
1.958723296735655151e+00
6.631236865134850778e-01
-1.401412892323813608e+00
-2.241859995966474006e+00
-4.407235868352649133e-01
4.564770378058146783e+00
2.141932783786975936e+00
1.727049499801379569e-03
-5.896721070719117552e-01
-1.827997795753494081e+00
2.561201193373524809e+00
-1.259481591037333592e-01
-4.579488039768866980e-01
-3.614360334029705246e+00
-2.228664952089854268e+00
9.751715442049895266e-01
-1.911100375980122168e+00
-9.832382798572345539e-01
-5.584277510654417354e-01
-2.105624703472063763e-01
-1.803294160064479845e+00
1.281261475571748409e+00
2.855281636201747464e+00
-1.773907693762192261e+00
2.928814693605815922e+00
-2.324576349511068951e+00
-3.904322074203618875e-01
-2.887874058824925871e+00
1.724918333867201614e+00
-2.319904066941289145e+00
-1.134954539884366030e-02
-4.656382901484588666e-01
1.675656454092626424e+00
1.840251814674779274e+00
9.377771999293280647e-01
2.208565811589089822e+00
1.290259644949426354e-01
3.803555541115945182e+00
-1.654757487762379631e+00
2.458462907563166155e-01
-1.594972534633682937e+00
2.741891766288413468e+00
2.579324021377296661e-01
3.958370027960764759e+00
-5.978886451741391994e-01
1.939789550694845266e+00
-2.655166230885007916e+00
2.064117074121994744e+00
1.266975630769827221e+00
7.931291709184922212e-01
4.287786285900061500e+00
-1.325398659671101154e+00
4.748411912768659149e-01
-2.532681983361066980e+00
1.948394543756903019e+00
2.104195938254032505e+00
3.081509570129433939e+00
1.799529586681051230e-01
1.519031500295019710e-01
-1.662002943446339920e+00
-2.604834498045247582e+00
-3.833952524750831037e-01
1.662951438870110321e+00
-5.513740944026265800e-02
-1.008854240638767052e+00
-5.459669194023215599e-01
3.293466000900263424e+00
-1.068569032633458482e+00
1.133055412822846719e+00
1.015644648760816837e+00
2.996089674074242204e+00
-3.899728243785799631e+00
1.237785953501183700e-01
2.840099621252830886e+00
-4.052317746142263033e+00
-3.549195987338537694e+00
1.008216334406891290e+00
4.262526555027669417e+00
2.124647908405787433e+00
-2.699033215633967475e-01
1.001695904089018041e-01
8.829730793761200180e-01
-2.204167945069821499e+00
1.075275966574850584e+00
-9.377151130507507260e-01
1.232349455491956514e+00
-2.201508110626654524e+00
-3.313419347485798028e+00
3.697249268426907598e+00
1.311402225109875141e+00
1.167026192234773552e+00
2.525515989740365175e+00
-2.150451889398519723e-01
-9.933312066160412401e-01
8.911999262352573448e-01
9.832276772048164082e-01
-1.265808334227758403e+00
8.816387518473006724e-01
2.274951380154433267e-01
-2.064328810441697082e-01
-8.471574527345526739e-01
-9.644001390614816982e-01
2.065315193225900181e+00
1.487861168113275179e+00
-2.020249492611764452e+00
-3.645003222629728423e+00
1.644463821145899507e+00
2.843408315118033158e+00
-7.432489148583811822e-01
5.850063123999641457e-01
-2.877916428253282088e+00
-5.377768101293906255e+00
7.614111810224148957e-01
7.985412803103004720e-01
1.095009059104295607e-01
-1.484293360966575825e+00
-1.201672495895300452e+00
-1.987872065953393497e+00
3.995670134920115690e-01
1.222717417325260403e+00
-5.009996590191718724e-01
2.301934741799227246e-01
5.219311724950170817e-01
3.370441204011557002e+00
1.794271829580198929e+00
2.374729136819476505e+00
-2.537799331257227786e-01
-3.968887292952606227e+00
2.887927835191801407e+00
2.112625954129933259e+00
3.611126301483955081e-01
-4.424036292583759966e+00
-4.880918598805870090e+00
-2.613447835788484941e+00
-1.132604768290605524e+00
1.135110898516449751e+00
1.894857259358115220e+00
2.044603541901961030e+00
3.631139354566247590e+00
6.681248411572341395e-01
9.436129110279817267e-01
-1.652095120096226388e+00
-2.169273402527978512e+00
-1.831910333949113845e+00
-9.515091678645279938e-01
-3.791510392806652918e-01
1.598115450262989068e-01
1.925801233543553148e-01
-8.789903417825526422e-01
3.088134907704209731e-01
-1.991094840166059532e+00
1.846904503705109502e+00
-3.150328025707988644e+00
2.157245347700053273e+00
-2.409927314890770944e+00
2.474785528841547233e+00
-2.095569259354314262e+00
-1.143676962269037922e+00
3.878494961959706444e-01
1.929873626197500913e+00
-9.377234801488947002e-02
2.737042247294507735e-01
1.775859916334227906e+00
-3.665475680399366887e+00
-2.014372999803303976e+00
-7.883063048317733301e-01
8.681618275926133999e-01
-3.944321790154658114e+00
2.243726600639129654e+00
5.076335513363162910e+00
2.210985196305778278e+00
1.637932665218093442e+00
3.209337518644854725e+00
1.888873178508168493e+00
-8.992428876098753632e-01
-7.074254485231747935e-01
6.786577728466713921e-01
-2.229724043923342780e+00
6.022173347912120889e-01
-2.922041667268345577e+00
-2.014766293827681132e+00
-1.235550336590870879e+00
-1.614445037403478667e+00
4.939829707019869898e-01
-1.298076256609895784e+00
-4.124971111477246932e-01
-1.815300384501211117e-01
2.676436242457300274e+00
5.929699016458181982e-01
-7.337900183362459083e-01
-8.855568751083078283e-01
-1.485406948581172060e+00
3.042597438072194294e+00
1.979003100363502687e+00
-9.202406574959867136e-01
2.404337496487708670e+00
-7.966944389970023188e-01
9.624562878410944933e-01
-3.057985669868252376e+00
-6.026859099563389721e-01
-4.356773760536651885e+00
1.475017089468705134e+00
8.372453750791695182e-01
4.859465558804326735e-02
1.625990332689906115e+00
2.079595072941089473e+00
4.938640594193480560e+00
1.811927547323770593e+00
-2.005972395988805668e-01
-2.875192783190497092e+00
-2.605966792816321043e+00
9.788886719223327537e-01
-3.067018410199670253e+00
9.794039265655050119e-01
7.040592810827497328e-01
6.027980419471105078e-01
1.153374790362212021e+00
1.497988855937615105e+00
-1.293768756468761882e+00
1.465278255073350300e+00
-5.502599132837964202e-01
2.567379296091857999e+00
-2.281078091049529022e-01
-8.524624878103466419e-02
-3.640118300844876753e+00
-4.344279987401675758e-01
2.002141016014461705e+00
4.029210417437870673e-01
2.563368020692223137e+00
-2.781474124550785465e+00
1.925757310264008426e+00
-1.077995253414395727e+00
-3.032031807840663173e+00
-3.389171100412970539e+00
-3.905803908127611912e-01
-2.660935519396834259e+00
-7.919425514501885477e-01
-9.903566294660112179e-01
1.244109017174769738e+00
-5.147936667439066305e+00
-4.408246877062907410e-01
-9.980850715967370945e-01
2.146419902529852930e+00
1.131859279561614473e+00
-1.752360747186337164e+00
-2.948852783612042838e+00
1.438613568098088047e+00
-4.621468718052421099e-01
1.796799774436507457e-01
8.213420686445623009e-02
9.252542263297893754e-01
-2.824111974660228341e-01
-2.469788013632953305e+00
4.257805506512872817e+00
2.153409905236615685e-01
-1.220432683673775998e+00
2.155100619258810912e+00
1.170132623668072247e+00
1.590340639174528059e+00
1.137387882015651996e+00
-2.871672330890650215e+00
-2.675461499191477355e+00
-1.940009034644983643e+00
-1.971630538661511389e+00
1.431525714832851071e+00
-2.701381661976629101e+00
6.498923733154269300e-01
-3.156905375070331310e+00
-4.494495249086554178e-01
-6.893160021787249070e-01
3.651815112031230992e+00
-2.909721068709519298e-01
-3.114848179653634253e-01
7.200237539633494999e-01
1.768970454350456745e+00
-2.278411204971744208e+00
-3.216378041232657470e+00
-1.702282459135104342e-01
-2.163192865769987816e-01
-2.396519105214785395e+00
-1.243622178992214833e+00
2.157629200199369546e+00
2.598398868225062497e+00
-1.703767664989942698e+00
-3.160671287906787752e-01
-1.002008297454661800e+00
3.548477700637278520e+00
1.387449200358224388e+00
-2.844458184924369082e+00
-3.302246916705631197e+00
4.928159063997986089e-01
-2.903749967034635615e-01
1.424443626810167896e+00
1.134622392029313476e+00
2.650666305176490045e+00
1.515670639818809562e+00
2.488998529234411616e-01
5.907280069495687291e-01
1.732169743428258579e+00
9.644360887073902822e-01
1.792225198407470410e+00
-3.705510827538047725e+00
1.656299556666127382e+00
-1.303019750982721492e+00
-1.687889699685820810e+00
1.483221370738318168e+00
-8.732847937866865529e-01
1.646915735524039137e+00
1.009302974513825113e+00
-1.880490641363856241e+00
-3.249983963391150255e+00
-1.517801156311350708e+00
-2.154612031538214012e+00
-1.372959940961661962e+00
1.289288057767785656e-01
2.037672227129155189e+00
-5.313513182921985045e-01
1.970427252604163293e+00
-7.073393248844464520e-02
-1.127101352641351806e+00
-3.832743682152906395e+00
-6.169671343030369570e-01
-8.108456154557941442e-01
-1.681390657902603669e+00
2.320502460007011880e+00
-9.283064368570407288e-01
7.443204016223764485e-01
2.687492418022889407e+00
2.964827036404311222e+00
5.432666709125654192e-01
-5.681270333307987030e+00
9.762108386571102248e-01
-3.887715914474000889e-01
9.802720082006067814e-01
-7.001679113598212600e-01
1.732715440335578672e+00
1.080067460608926000e+00
1.211427891652100408e+00
8.063593812670268868e-01
-7.760124374258040580e-01
-2.125466218155250608e+00
-1.391244554257577537e+00
4.137974747813431442e+00
-2.820497595175399663e+00
1.400127043518027081e+00
-5.887770047080432834e-01
1.116587866221896652e+00
1.658104608460848173e+00
-7.641490177204559586e-01
1.977640874290773065e-01
4.213812432810724928e+00
3.888964548096239149e+00
3.353669028571192978e+00
6.629334409475481360e-01
8.036404069861248223e-01
3.716575769119561112e+00
-2.319392447011420000e+00
-8.410717559692052481e-01
1.531907052132897684e+00
-1.933277296015607272e+00
-2.867213709442638425e+00
-1.801325244630161526e+00
1.169499156513771343e+00
-1.485123119596709174e+00
-1.228430130587795599e+00
1.920189763393687965e+00
-7.242310047697474440e-01
-1.187059633603746930e-02
-1.798843103282705913e+00
1.637001912670100978e+00
-2.276976860836831484e+00
-1.743958047497357722e+00
1.143073370852082160e+00
-8.066273716539709149e-01
3.584757090037909433e-01
-3.152203577399580681e+00
1.067420518151711573e+00
3.073032672766179196e+00
3.039916505882713782e+00
-1.456760526146133827e+00
-3.953398119053838755e+00
-1.267368772362474694e+00
-3.430194357034046959e+00
-1.293489365333135188e+00
-1.921862829687045249e+00
4.403119229925669953e-02
-3.484987770978906219e-01
-5.803815461236780937e-01
1.478199285487159731e+00
5.355602836784377763e-01
-2.149624946207399745e+00
3.785059392587617477e-01
1.879699959892345840e-01
3.845998260005815683e-01
2.014007599534690662e+00
-6.526520973752748533e-01
-1.220314153799968881e+00
-2.286273864267368006e-01
1.528059670847276452e+00
3.049822118792536729e-01
9.926593175034280625e-01
2.601457763075436080e+00
-1.335178329285761356e-01
-2.491293125808070386e+00
6.839206039970648909e-01
1.674533040920844984e+00
-5.764057365036309166e-01
1.133772646446033067e-01
-2.700102704668960296e+00
1.672201684181455761e+00
-1.430382495118625918e+00
-8.092061650028247177e-01
5.175379526881267178e-02
-8.274639341839669093e-01
6.155708618139402732e-01
-1.542559662073054838e+00
1.375295753145502564e+00
-9.482397439595220412e-01
-7.544072062729743067e-01
-3.285808449497249040e+00
2.287841958606558368e+00
-1.872954868782633175e+00
1.556083036868306735e+00
-4.740043549193891259e+00
-2.013535346236873469e+00
1.245205837722838327e+00
-2.246736962577709829e+00
2.796563118397716319e-01
4.513352939183896129e-01
2.303054357204624980e-01
-1.004512769991537491e+00
1.679986814207651280e+00
-3.109381001203665118e+00
6.626828115030888311e-01
1.922356587561195873e+00
8.391076525771915540e-01
2.043841434645093713e+00
8.091096519464818781e-01
-1.943436370454923456e-03
2.151863046780904121e+00
3.562458040493982736e+00
-2.183773637488699848e-01
2.671080105106957703e+00
-6.050781268681040270e-01
-1.489466579986542527e+00
-5.337721409042543996e-01
-2.206802534714254749e-01
1.937884857045935938e+00
1.817937325373190971e+00
2.259789557041405328e-01
-5.885539832785555703e-01
2.328909093832489674e+00
3.708354679109396868e-01
1.043716820984813998e+00
-1.240040843742192811e+00
-2.393033871335673801e+00
2.476355028963622029e+00
6.341380592222078949e-01
1.957237609512180843e+00
4.888188134880958380e+00
4.627401895134868326e-01
-1.300855418531956076e+00
1.202991807223936727e+00
4.055182730723654316e+00
-1.705179646771140423e+00
-1.130873575538499543e+00
-3.664491122250891575e+00
4.453395172787421252e+00
-1.993539467300575296e+00
4.093526286078142395e-01
-7.265126180725761662e-01
-1.893256615929838627e-01
-7.776967216914982828e-01
-1.893079804182002945e+00
-2.048891787591401670e+00
1.817568045298016133e-01
1.475317121817227850e+00
-1.107731444771014706e+00
-1.434859571200178818e-01
5.635325649984960883e+00
5.766093711467833172e-02
-2.813649298240379792e+00
5.779893628960254270e-01
-3.670487230118080202e-01
-1.713413071493511408e+00
-6.278798599079633558e-01
-3.142267296409400057e-01
2.460162275450043179e+00
-2.335081576203671183e+00
-2.232736421728731546e+00
-4.934634971682371751e-01
-1.661412514279414276e+00
-9.379436598282223092e-02
2.321343863628194892e+00
1.689385340820019010e+00
-4.389676262225425951e-01
4.755085983801532468e-01
3.791701166051579364e+00
-3.865211458342611373e+00
9.316720744528232956e-01
-2.162252953611323747e+00
3.158916220383399587e+00
-8.111844543766321136e-01
2.508590106534960285e+00
5.400374324862756703e-01
1.729939884817275564e+00
1.047911637102937554e+00
-7.150429125171419154e-01
9.540552372749351584e-02
3.471992579277283220e-01
7.122144503427519924e-01
3.337616815795087510e-01
2.495087277225893629e-01
2.977772401101498101e+00
-2.301140150863301148e+00
-2.858062714803887960e+00
-2.672883154829300167e+00
-4.176241292978812858e+00
-4.605311846835443923e+00
1.581657641766901268e+00
-9.120595578857113583e-01
-2.910010236430838670e+00
1.702223923825230356e+00
2.154868812982586146e+00
-1.895270438814393499e+00
1.021442941542292537e+00
4.986050250688458974e+00
-6.438634609725756519e+00
-2.204560390523949920e+00
-1.546790305579193836e+00
-1.275930303023299128e+00
5.908624663195406468e-01
-6.953653358569219511e-01
2.109997223583697235e+00
2.461687723647705273e+00
8.317805190413494199e-01
-1.410211891781068649e+00
5.477135329115171203e+00
6.227406066693768061e-01
3.040531672182568368e+00
2.161970414961224662e+00
8.332118031340345343e-01
2.759738035840706427e-01
-7.141804586175293235e-01
-3.580992853040298129e+00
2.774071693580057563e+00
-1.032046633227847732e+00
1.309330545786553168e+00
7.303913578961733766e-01
2.302415939124889732e+00
2.153094652255296282e+00
-1.432844810384517720e+00
-1.452406285581933076e+00
3.599403579910661399e+00
-5.423913671701250827e+00
-2.149855471086968173e+00
-5.193974405939290939e+00
1.613689173836731605e+00
-1.388742791392466813e+00
-2.756103209617117855e+00
-1.086114994897320551e+00
-1.295472930589342653e+00
-4.459800507162509753e+00
1.546519812959183282e+00
4.307383204139958899e+00
-3.903609085463483286e+00
-3.493332914828131130e-01
-2.776540689345096791e+00
1.829707722035989859e+00
-9.058621127849572074e-01
-3.104663511358447980e+00
5.546724548552711687e-01
1.306468417480021182e-01
-5.169421240331050216e-01
-3.158861982583034855e+00
3.038237407075803809e+00
1.458938915921434765e+00
-3.080612501076218646e-01
-4.947550172069624663e-01
3.007046541597361955e+00
8.230796677502351388e-02
-4.736534337831782571e-02
1.236106839957187509e+00
-1.913433254126143179e+00
-2.082165228207279561e+00
2.722689959137694515e+00
3.800098318380193074e+00
-9.537356028506875916e-01
-2.365908267553954669e+00
-1.853561906532029235e+00
-3.339951309668481305e-01
3.154313333458255375e+00
-1.484560107083498837e+00
-1.574970724897231555e+00
1.710399147814544163e+00
4.688251881677096139e-02
1.446379014255969153e+00
-2.466661485404364196e-01
3.060386988523539298e+00
-7.333228628369902191e-01
-8.282275661886580043e-01
-3.313413008829817930e+00
7.773735704685161840e-01
-2.483634433725641633e-01
-2.909473352345358865e+00
-2.041768060823880848e+00
2.653998544820786787e+00
-2.318652991873569047e-01
2.807442558109950470e-01
2.514953732577835943e+00
-1.586339489664396751e+00
-3.621239419375298363e-01
1.231321336814209078e+00
-1.757328506022311221e-01
1.013407795580452686e-01
5.128090408736398764e+00
-5.373058826176285052e+00
2.478685022336071686e+00
-2.900713899931083528e+00
1.476989591538812929e+00
5.523184665165986607e-01
-1.992480044576842024e+00
4.922640917046686715e-01
-2.266698799872274517e+00
5.639350363248236686e-01
-9.975669475635461358e-01
1.122165076695494035e+00
-3.966361851624510937e+00
-8.346639536958407879e-01
4.545926331537192944e+00
-2.084486255976788271e+00
-3.356201165361863303e+00
-9.408534694043663160e-02
2.123951960537148853e+00
-6.830032105267120901e-01
1.334830753085598509e+00
6.669455441343394297e-02
-8.260395602510097746e-01
-1.216710314586555652e+00
2.114260084889857616e+00
-2.584943359808484775e+00
1.379838634345107673e+00
7.879280231056348116e-01
-1.424036443883215153e+00
-6.406103955419486518e-01
2.359747864347958579e+00
4.056443853634527641e-01
5.516333566274721212e-02
-4.895105171918208709e-01
2.447228521907556797e-01
1.763352879553834185e-01
-3.552513101914929472e-02
2.069216747752287422e-01
-4.335927643782647167e-01
-1.398051497709459134e+00
2.972091877112190694e+00
1.055884048867433256e+00
6.781157140333299305e-01
9.311070625515583954e-01
-5.586330786207007737e-01
4.321462610976468000e+00
7.272887295401326835e-01
1.251717129720724575e+00
-1.172413718371008606e+00
1.691496314520789079e+00
-1.556107602277474466e-01
-4.365690489697917620e+00
