-1.911235976284465954e+00
-1.383435019844530434e+00
-1.430056948678562589e+00
1.349828463216226959e+00
-1.686289853018440033e+00
1.306603702597777472e+00
-6.710946434324808196e-01
-3.204074415234298812e+00
1.703977302423405282e+00
1.224803596865703836e+00
6.710325829291155508e-02
-8.623529449785330980e-01
-1.650762270401535003e+00
-3.559778596752747770e+00
1.035578059436486509e+00
-2.876569835991035440e+00
1.432060315745229406e+00
2.625296685727129820e-01
3.748569598991645102e-01
-1.881592045883393460e+00
-4.111525813121700290e-01
1.778564950765883168e+00
-2.507972158502963511e-01
1.615089707837132460e+00
3.647732637696122993e+00
3.479280080613641690e+00
4.488260107494057571e-01
4.688594994605767674e+00
-1.065422373126780453e+00
4.253956305373991498e-01
-1.399483541985633739e+00
2.593323588475997976e+00
-4.061703539013984177e+00
1.244725332415572483e+00
1.147822092294381813e+00
-4.472293172978910047e-01
-6.921404729534710309e-01
-2.811179391369353908e+00
-3.380278751893846412e+00
1.217571029729841436e+00
-5.640478626324099132e-01
1.387495786691575139e+00
5.842392251747804410e-01
-3.208719603889107930e+00
-2.702134041546713217e+00
-2.434635976896153409e-01
-1.479123334198971573e+00
-6.159612625890711346e-01
-1.934489919192683427e+00
-4.161631133417736272e+00
2.807908218262364475e+00
1.813813432859978425e+00
1.893781377833869239e+00
2.262186062052604640e+00
1.890690021813493660e+00
2.185741750560923791e+00
1.981520455485216381e+00
7.217663888594857413e-01
5.226922147081398684e-01
-5.700951274324808971e+00
-1.491642045826102603e+00
-9.708447725578711607e-01
1.966870954960355133e+00
-1.348944707697155687e+00
6.140215820176627703e-01
-2.107058380805520770e+00
-2.048961502466228879e+00
-9.195715803238410091e-01
2.511406235670947673e-01
3.322916899123705026e+00
-1.848901222471575068e-01
-2.913144734758810639e+00
-6.169693486292182616e-02
1.835521739557592236e+00
-4.362627058923084777e-01
9.784908267396279502e-01
-1.809981112358474586e+00
9.210913442800794382e-01
-1.757179093997391472e+00
4.379161426585045369e+00
-2.871981924524132701e+00
-1.105681669988395344e+00
1.351387843812197342e+00
1.392245488307546797e+00
3.776032418171797883e-03
-7.146607356778876818e-01
-5.722402270368012189e-01
-2.166283589066177129e+00
-1.953444067854036570e-01
-5.254558410621528175e+00
3.383129454547016302e+00
1.509274105656065235e+00
1.418451645592828658e-01
-8.889783993464063228e-01
-5.371734399000412274e+00
-1.991388191602725621e+00
-1.538930497835872657e+00
9.890169091287137615e-01
2.167623608097132837e-01
-3.508680688797821134e-01
3.392186594500807839e+00
3.987679923649337099e-01
2.617743065321979312e+00
-1.001507175344642286e+00
5.508799103801060859e-01
1.521558882552679570e+00
-1.937778072027160903e+00
4.047272613859709267e+00
5.517248931216311547e+00
-4.422194375996807980e-01
-2.559315356725026191e+00
-2.275120041703535989e+00
4.087121471402495487e+00
-2.738530289513533056e+00
2.364038595510002505e+00
5.573872656255824953e-01
-1.454830463516200156e+00
3.101506162891503493e+00
-9.888411602052984972e-02
2.039490049691258911e+00
-3.221157719207067838e-01
-1.335910712985232562e+00
4.170545764026600821e-01
-1.722570936846050671e+00
5.723837155238360452e-01
-1.661325361892695973e+00
-9.035405214033014332e-01
1.049700095652494891e+00
-2.543503146862112541e+00
4.164483275472219859e+00
-2.427586342591500745e+00
2.919067877567999236e+00
-2.063889812239535271e+00
-3.681032158829622425e-01
-4.795953927455900434e-01
-1.007734937331847380e+00
-2.838757141200616285e+00
-5.382861695343010150e-02
2.080084004359208372e-01
1.123569844733579570e+00
1.224314114720449931e+00
-2.805175505548431203e-01
1.078817973813330999e+00
2.531156458206881954e+00
-1.802094172767205515e+00
-1.800192636077090069e-01
3.172456364335369816e-01
3.269126017599763401e+00
4.875258096074909231e-01
-1.504848226835724390e+00
5.305451816828390399e-01
2.082795191811364965e+00
-2.534399091868964948e+00
4.570956856555958292e-01
-2.600176175600585893e+00
1.662797004257439981e-01
-1.164684742635229142e+00
1.036067750788844943e+00
1.367781697215497028e+00
-3.568202806725196297e+00
-1.527750678331064149e+00
-7.969256782949389439e+00
-2.529037605763416074e+00
-9.246348704581629496e-01
6.398778646861971175e-01
-8.217711538309420138e-01
3.434074785947154762e+00
3.060974178087818132e+00
1.200792443147301158e+00
2.031030608116248359e+00
2.008802455028956047e+00
-2.034155189236499073e+00
-5.457914440071925943e-01
1.510587749097908716e+00
-2.367864413102540588e+00
-8.443478381070724792e-01
1.433502473300075852e+00
-4.629695639887460246e+00
2.477903315007796259e+00
-5.700937134824395347e-01
3.373046145205782054e+00
3.461271666786410184e-01
6.183943493442533024e-01
-3.086580463454486001e+00
3.052473711429597447e-01
-7.013144115825962199e-01
1.693847180968510280e+00
-7.532851222162285643e-01
1.485345969673960820e+00
-1.033394990664947555e+00
1.293902497774327198e+00
-2.106065661921113108e+00
1.163274046813140172e+00
-8.234620545414351733e-01
5.129713342376924778e+00
-4.461177761053829904e+00
-1.505455098253035029e+00
-4.581104509907775180e-01
1.628671133304682161e+00
-1.536171135751209782e+00
-8.649950920772331298e-01
1.537598748384123137e+00
2.413994314568561617e+00
-2.284668192697418831e+00
-1.625008288747392227e+00
-1.750060308560943856e+00
1.896410970501799298e+00
3.759933431974436857e+00
-1.677146270996408228e+00
-1.292714269736453980e+00
-1.822783998781336123e+00
5.370527975264418608e-01
-8.616188648403209083e-01
5.997157011670505300e-01
1.345428323675865956e+00
1.098908071044752743e+00
3.340949401980741307e+00
-1.164258147110031061e+00
2.624533850111214761e-01
-1.105845744989763180e+00
-3.156769639072351197e+00
1.745498694458325895e-01
1.043072465073431099e+00
1.643975887578286166e-01
3.615577109576910697e+00
1.034598835981992870e+00
2.645102992550340204e+00
3.872186467511477659e+00
-5.123903175054127512e-01
1.490371407542905535e+00
-1.580257251589701095e+00
1.657902879793422990e+00
-1.739331432619009021e+00
3.603502722426395799e+00
5.099160065932826225e-01
-5.707762139743051133e-01
1.446926222394733008e+00
9.565326173058634474e-02
1.858278160406817037e+00
-5.199616089213561221e-01
-2.006418295482027325e+00
1.481965702637159321e+00
2.259254230393344665e-01
1.405510675936396947e-01
1.023436503416877280e-01
-1.460591172397527060e-01
9.050230817437693309e-02
2.383825771539394456e+00
-3.167854805245114758e+00
1.362522947446300758e+00
3.498261620753419177e+00
-4.481816670341069120e+00
-2.174865942966905941e+00
-3.482506051932721114e+00
1.255691227983535274e+00
1.273343394031172471e+00
-1.189621281689373422e+00
4.223255970304140128e+00
2.372340787082260594e+00
1.867556685082845391e-01
6.516876434893380532e-01
2.675471807413429381e+00
-1.404858946188988655e+00
1.641564424764968945e-03
-1.595327624810836564e+00
4.356241675403179081e-01
1.964671086766016872e+00
-2.883364813279778005e+00
8.546682606150076689e-01
1.141769486490908703e+00
5.448303806090004642e-02
3.126541653710841029e+00
-2.437826477404284375e+00
4.623274257107492069e+00
-3.705352768236050309e+00
2.207570083911407188e+00
-4.169128198764362025e+00
5.213392651554425994e-01
1.570917879871969403e+00
-8.329394660247277926e-01
-2.359715129450139226e-01
1.280379925079811798e+00
9.754634764997541230e-02
-1.236700575432581939e+00
5.841990747322476363e-01
2.789987021933763689e+00
-3.128727180665659802e+00
1.673678609806225293e+00
-1.204451087781216900e+00
-5.689849358643501720e-01
-4.940687291886331489e-01
-6.137814819099678409e-01
-7.927620692523203172e-02
-9.638528830638367628e-01
-2.881576902752022162e-01
-1.019857947412552202e+00
-1.108040814476292324e+00
3.999923527352137187e-01
2.499750719956550071e+00
-3.003110159210814256e+00
1.084224445912231438e+00
-4.846334349080208881e+00
-8.631814370424198968e-01
4.678782229065206466e-01
-1.220508721294693011e+00
1.159649077795847472e+00
-3.237319741746341517e+00
1.418628946731110396e+00
-8.782106569246397321e-01
-1.564957384427045906e+00
3.024770033804093483e+00
-1.028496200952386586e+00
-3.980061997118315542e+00
-2.376091250397214250e+00
3.524267073495422675e+00
-2.924465424900829280e+00
-3.261706228374201544e+00
6.588408136384813485e-01
-2.391481864218557296e-02
7.006161410483358054e-01
2.720796415823264480e-01
2.740672044914076455e-01
9.582952862434146457e-01
-1.540842901495789397e+00
1.304388547176212443e+00
3.030919510537315897e+00
-1.433361320617719814e-01
-1.324224267659636634e-01
-1.356963111138725031e+00
1.385785008952361341e+00
-2.214395454506820293e+00
-7.584108557487617697e-01
4.016898804194855899e+00
-5.468016358035149516e+00
-4.280930572673441681e+00
3.692915931117731754e-01
1.778604605008082151e+00
-1.688755899652206516e+00
-1.285992237726198972e+00
-9.746603564175506662e-01
4.751102749738922881e+00
1.245033920716892561e-02
3.612283090776922112e-01
-9.987296663346913531e-03
3.292452752075745170e+00
-9.867841457866477484e-01
-1.431914884700934198e+00
2.656105528269768201e-01
3.467629402118693971e+00
-2.476559884906980591e-01
2.118076146475939670e+00
-2.603413218679088814e+00
1.829319014093468310e+00
-4.347179322032601045e-01
-1.768349012644527152e+00
2.264871301440102513e+00
-7.499606787354305970e-01
-4.139720962717887254e+00
2.023974271650469170e+00
-2.478053674222964187e-01
3.756082244363414979e+00
4.915294166833876210e-01
4.106422864225696134e-01
4.629375339753013741e+00
-3.098942313436414686e+00
8.230900562756822136e-01
6.906218664302080090e-02
1.292756192072771926e+00
-4.028384356871509198e+00
-2.083553291136206465e+00
1.351251364674417532e+00
-6.609342556301015525e-01
-3.138570401476120653e-01
2.078345334878343831e+00
-1.243015687566108030e+00
-2.756767622254884254e-01
1.654254831588723551e+00
-2.486526927811102183e+00
2.336620703035684754e-01
2.463562649550193662e+00
7.317320131426439112e-01
1.548457408499470001e+00
-1.561839034279130400e+00
2.940075120225488003e+00
-5.168112334640767358e+00
3.580472961787928732e+00
-1.095950834881953329e+00
4.057770024140831544e-01
9.848755291176518600e-01
-3.173463639167762640e+00
4.229066885007182197e-01
7.009673605048004630e-01
8.844226661251640698e-01
2.414466676620114161e+00
-5.199437183436138810e+00
2.345438170753181062e+00
4.613692998565513959e-01
-1.552901139826617039e+00
-7.702506777736862764e-01
-6.884409848436975343e-01
-2.828441029214341929e-01
5.109492382571324820e-02
-4.396506465131064245e-01
1.939500642288401799e+00
-6.650132869464384644e-01
8.364785680770042697e-01
4.464663564701589760e-01
1.239019695109193187e+00
-1.906043208173491266e+00
2.607559154082760511e+00
1.398159219944432818e+00
-2.837340622594852063e-02
4.467933777929419037e+00
-8.647429543676043995e-02
-1.092396250167521239e-02
-4.716523918724762066e-01
4.098762525431234871e-01
-3.997253924817821602e+00
2.414805984332659250e+00
3.170764836251295016e+00
-1.675297231093849870e+00
-1.631409236222617354e+00
7.438509666332162595e-01
-3.006149593406399201e-01
2.691119500650493102e+00
4.286370299591305555e-01
-4.634888401721877771e-01
2.964321544177004331e-01
-1.277841463626542273e+00
-1.503173278257321499e-01
-3.738219013459777029e-01
-2.251306743453208803e+00
3.244227284088701424e+00
-6.519187597003824886e-01
6.786166287727480873e-01
1.311945580678753442e+00
-1.195892321428181804e+00
3.617769972542575374e+00
-3.848396746941213031e+00
-2.293523236335030635e+00
-1.725439268074564769e-01
4.322812237834701143e+00
-1.701517645144019042e+00
2.879903573063738342e+00
-1.934559235206757821e-01
-2.555262072063447576e+00
-3.149666379154272833e-02
-2.999050762265969894e+00
3.380646693588218010e+00
-1.068621735686109853e+00
-1.441644823810095843e+00
-3.310882739094812344e+00
-2.659602129953777538e+00
-2.115280834348824079e+00
2.363203933655383393e-01
2.734069830047539007e+00
-2.064499330957361600e+00
3.002026445848752001e+00
3.124749788249701510e+00
8.476522382247068776e+00
-1.714698261234085752e+00
-1.432360278057474234e+00
1.436638077308339145e+00
-1.141813840554906978e+00
5.346280787716377603e+00
-4.891253541755086198e-01
-2.986336448755867234e+00
1.703465546603514236e+00
1.461910197715677873e+00
-1.611627999385262910e+00
-1.545569606348313751e+00
1.538132877477874194e+00
-3.990172900542063861e+00
1.361327508110304008e+00
-1.529945302669523555e+00
2.466827718408170611e+00
7.694050665278294454e-02
1.561801641278810049e+00
-2.113397399458221582e+00
2.285462723675784957e+00
6.159802001970326124e+00
-1.581766124427242293e+00
-2.659801110250375467e-01
1.731481646680726127e+00
-2.229810390244811202e+00
-8.930098757051657676e-01
-2.630222502321581501e+00
-1.058892979089193220e+00
-3.075452231798980751e+00
1.069178157868915680e+00
-1.593458240713582441e+00
6.831948448113561723e-01
4.550243854903952001e-01
1.850270537603752041e+00
-2.699281194051544208e+00
-9.556495778053311074e-01
5.105049863016265732e+00
9.349884442797162798e-01
-1.924268478554884032e+00
-3.839794828027635276e+00
